81
27
78
92
18
31
19
52
6
24
43
78
32
42
47
11
36
65
64
84
17
16
24
89
58
55
41
53
37
35
35
90
22
31
50
90
47
19
96
3
16
64
9
57
17
38
66
56
7
96
13
96
1
18
56
33
67
34
47
66
3
91
30
22
18
26
24
12
1
35
2
77
40
24
58
22
45
31
58
29
64
87
3
50
30
56
41
85
58
84
34
87
1
45
31
34
97
77
16
56
46
69
57
22
8
92
10
91
26
61
41
97
85
34
24
61
80
30
50
14
4
54
73
90
94
39
31
39
91
23
41
91
89
31
84
24
74
4
99
47
58
44
39
76
41
97
68
94
56
83
33
20
98
11
97
18
31
63
90
86
96
2
7
45
50
39
20
83
17
76
96
29
97
62
29
48
20
63
33
69
3
91
33
71
78
43
78
57
75
94
83
96
76
36
51
59
32
22
23
23
87
16
17
36
32
50
69
91
64
61
17
63
20
5
59
41
61
20
25
76
90
49
12
6
75
89
41
69
87
70
77
17
33
60
60
26
54
41
60
27
91
80
46
17
73
2
77
86
97
34
3
51
9
90
63
84
20
76
41
58
73
61
83
11
3
21
5
63
4
88
66
58
32
89
45
11
93
73
56
51
82
54
12
57
77
9
51
43
19
47
69
51
24
12
97
44
61
65
3
21
10
46
33
44
6
60
70
72
44
2
41
77
16
41
13
62
27
88
8
60
54
2
63
96
22
57
26
29
8
92
52
39
17
53
23
8
55
81
100
55
61
18
28
19
16
90
80
85
66
72
45
82
23
28
26
60
23
27
44
56
48
23
79
91
96
12
65
74
27
48
26
55
42
57
54
99
15
81
30
49
83
23
28
44
7
4
89
7
52
48
81
28
40
91
70
13
38
67
37
32
68
86
81
81
5
87
5
19
94
51
98
37
66
17
54
5
76
20
62
55
28
94
36
95
47
17
100
59
18
67
38
48
46
11
27
30
77
69
31
97
89
20
10
98
94
76
11
67
41
76
65
77
73
7
54
30
74
5
83
48
45
75
81
1
75
75
28
100
91
88
94
71
4
13
79
97
13
36
10
66
50
9
55
99
89
11
39
35
78
97
32
45
39
100
81
20
97
7
52
20
74
55
26
15
70
91
73
98
9
78
66
5
7
91
95
20
86
32
99
17
1
97
100
55
51
11
29
52
59
93
75
5
65
16
91
17
52
38
38
8
47
95
3
65
86
35
79
72
72
8
42
5
86
72
23
38
72
35
34
22
77
54
7
81
10
23
93
65
29
99
29
46
19
91
9
87
54
50
38
53
42
90
42
14
9
70
21
58
25
73
41
83
14
45
18
33
14
77
55
71
13
28
1
30
32
75
19
60
23
17
95
82
37
75
37
40
86
14
29
82
45
85
40
97
12
62
92
15
75
57
83
89
83
26
66
21
86
100
15
75
89
7
13
47
10
10
16
47
99
84
41
35
78
50
17
11
30
59
53
17
69
45
56
93
36
73
31
77
10
74
61
52
85
70
5
6
67
21
12
74
21
71
40
9
45
91
89
92
37
17
70
9
32
24
68
21
45
17
10
66
91
26
17
98
71
77
31
87
38
73
97
42
27
63
19
64
39
88
55
80
17
47
39
92
52
48
19
1
52
96
15
72
47
66
73
61
85
36
88
40
30
32
33
41
10
11
10
51
2
50
51
80
38
1
14
14
35
79
92
88
69
19
33
47
96
58
58
81
80
18
66
36
3
57
14
72
15
40
59
84
44
64
7
60
22
48
28
57
95
29
10
57
43
94
95
26
72
11
78
63
1
86
68
8
29
3
59
86
68
14
20
22
27
40
32
68
78
59
68
99
20
97
63
43
76
75
97
64
63
53
82
75
5
44
61
41
57
76
41
78
25
60
20
46
85
1
34
23
24
54
57
98
75
48
82
80
44
25
36
6
56
60
76
66
34
24
92
85
58
53
7
40
69
77
73
14
9
47
67
87
69
6
50
8
25
29
34
77
51
61
83
53
96
40
95
21
82
52
32
36
72
24
23
28
95
62
4
88
73
27
77
30
44
96
69
41
13
12
50
29
27
18
38
72
49
43
19
11
62
60
93
82
25
68
79
73
42
98
93
8
87
39
85
41
56
87
12
84
16
29
27
68
79
83
44
1
5
74
89
65
22
91
49
87
78
51
73
85
53
25
60
65
96
30
81
6
85
53
20
60
27
60
61
31
25
62
36
89
58
56
99
83
58
83
94
96
11
49
58
74
